tweet_id,favorites,retweets
892420643555336193,32859,6863
892177421306343426,28377,5169
891815181378084864,21330,3412
891689557279858688,35819,7074
891327558926688256,34249,7577
891087950875897856,17233,2544
890971913173991426,10050,1617
890729181411237888,55255,15415
890609185150312448,23780,3551
890240255349198849,27106,5971
890006608113172480,26234,6014
889880896479866881,23797,4062
889665388333682689,40840,8179
889638837579907072,22989,3642
889531135344209921,12956,1850
889278841981685760,21401,4351
888917238123831296,24864,3681
888804989199671297,21789,3453
888554962724278272,16822,2833
888078434458587136,18536,2837
887705289381826560,25790,4430
887517139158093824,39436,9618
887473957103951883,58511,14723
887343217045368832,28699,8585
887101392804085760,26120,4880
886983233522544640,29511,6175
886736880519319552,10202,2569
886680336477933568,19134,3661
886366144734445568,17987,2564
886267009285017600,101,4
886258384151887873,23816,5159
886054160059072513,0,90
885984800019947520,27793,5497
885528943205470208,30662,5218
885518971528720385,17370,3046
885311592912609280,0,15120
885167619883638784,18664,3599
884925521741709313,65422,14673
884876753390489601,23650,4566
884562892145688576,20666,3811
884441805382717440,23098,4706
884247878851493888,61778,16584
884162670584377345,17390,2450
883838122936631299,18553,2798
883482846933004288,38971,8087
883360690899218434,19337,3013
883117836046086144,31569,5425
882992080364220416,20381,3179
882762694511734784,24086,4020
882627270321602560,23850,4957
882268110199369728,38145,9386
882045870035918850,24938,3990
881906580714921986,20785,2787
881666595344535552,43194,8741
881633300179243008,112,8
881536004380872706,42155,13110
881268444196462592,19806,4369
880935762899988482,14546,2278
880872448815771648,18161,3148
880465832366813184,24319,5109
880221127280381952,22957,3395
880095782870896641,23554,3570
879862464715927552,19106,2864
879674319642796034,281,9
879492040517615616,20058,2574
879415818425184262,90318,36624
879376492567855104,14427,2606
879130579576475649,0,5605
879050749262655488,19206,3859
879008229531029506,16269,2199
878776093423087618,16565,3360
878604707211726852,25675,5796
878404777348136964,0,1049
878316110768087041,0,5415
878281511006478336,6578,1050
878057613040115712,35847,5605
877736472329191424,67346,15483
877556246731214848,19298,3092
877316821321428993,23458,4256
877201837425926144,23168,4524
876838120628539392,17657,2748
876537666061221889,20304,3876
876484053909872640,16061,1958
876120275196170240,23895,3829
875747767867523072,21444,3512
875144289856114688,18845,4075
875097192612077568,23486,4986
875021211251597312,21837,3880
874680097055178752,23785,3831
874434818259525634,0,11985
874296783580663808,22282,3406
874057562936811520,19399,3299
874012996292530176,29184,8409
873580283840344065,20721,3275
873337748698140672,0,1304
873213775632977920,6132,1304
872967104147763200,23365,4464
872820683541237760,12690,3094
872620804844003328,17706,2998
872486979161796608,34928,7499
872122724285648897,29338,6678
871879754684805121,32098,9070
871762521631449091,17333,2911
871515927908634625,17349,2879
871166179821445120,0,4786
871102520638267392,18008,4566
871032628920680449,19576,3161
870804317367881728,28895,5165
870726314365509632,101,3
870656317836468226,10547,2153
870374049280663552,71220,22080
870308999962521604,18880,3477
870063196459192321,31493,6934
869772420881756160,36692,8459
869702957897576449,24286,5290
869596645499047938,13707,2581
869227993411051520,17590,3136
868880397819494401,56341,12006
868639477480148993,0,1709
868622495443632128,22912,4370
868552278524837888,8661,1709
867900495410671616,20949,3497
867774946302451713,29419,6127
867421006826221569,13890,2082
867072653475098625,0,99
867051520902168576,27882,6661
866720684873056260,17344,4056
866686824827068416,16634,2908
866450705531457537,105676,29526
866334964761202691,45300,11985
866094527597207552,0,7024
865718153858494464,22204,4718
865359393868664832,22916,4196
865006731092295680,24314,6528
864873206498414592,27969,7328
864279568663928832,12664,2520
864197398364647424,25933,7413
863907417377173506,17895,3525
863553081350529029,13263,3567
863471782782697472,0,2040
863432100342583297,20636,4473
863427515083354112,1917,80
863079547188785154,7692,935
863062471531167744,7299,2040
862831371563274240,16721,4361
862722525377298433,14881,3025
862457590147678208,17759,4158
862096992088072192,64557,19601
861383897657036800,31418,9076
861288531465048066,14927,3511
861005113778896900,14523,3257
860981674716409858,0,1821
860924035999428608,0,662
860563773140209665,6533,1821
860524505164394496,20579,4495
860276583193509888,16014,2996
860184849394610176,14562,5004
860177593139703809,0,26115
859924526012018688,17053,3495
859851578198683649,13557,3009
859607811541651456,16331,1346
859196978902773760,78311,25733
859074603037188101,29643,11746
858860390427611136,0,6937
858843525470990336,13756,2974
858471635011153920,18928,4179
858107933456039936,13825,2481
857989990357356544,14050,2223
857746408056729600,29978,9162
857393404942143489,5158,1410
857263160327368704,17780,3895
857214891891077121,198,16
857062103051644929,0,142
857029823797047296,16628,3431
856543823941562368,14367,2493
856526610513747968,10492,1617
856288084350160898,473,14
856282028240666624,24552,5470
855862651834028034,296,21
855860136149123072,4293,841
855857698524602368,10525,1813
855851453814013952,40275,15614
855818117272018944,23576,4704
855459453768019968,26376,7167
855245323840757760,0,5155
855138241867124737,0,36
854732716440526848,20122,5247
854482394044301312,25836,5909
854365224396361728,16690,4060
854120357044912130,28323,6461
854010172552949760,14353,2746
853760880890318849,25322,5029
853639147608842240,30729,8700
853299958564483072,13724,3113
852936405516943360,0,1756
852912242202992640,7990,1557
852672615818899456,13220,1870
852553447878664193,14454,3055
852311364735569921,29475,8685
852226086759018497,17805,5952
852189679701164033,10238,1397
851591660324737024,14525,3065
851464819735769094,21629,6173
851224888060895234,18482,5055
850753642995093505,27384,7945
850380195714523136,11684,2283
850333567704068097,3092,299
850145622816686080,14605,3325
850019790995546112,18216,4287
849776966551130114,27104,6686
849668094696017920,0,4351
849412302885593088,14247,2778
849336543269576704,10231,1653
849051919805034497,37785,7454
848690551926992896,22538,3853
848324959059550208,22171,4078
848213670039564288,7300,633
848212111729840128,14577,2663
847978865427394560,0,2850
847971574464610304,0,383
847962785489326080,21133,4487
847842811428974592,4893,1169
847617282490613760,6245,372
847606175596138505,16847,3025
847251039262605312,18403,3838
847157206088847362,17806,5126
847116187444137987,19243,2820
846874817362120707,18110,3487
846514051647705089,39965,10182
846505985330044928,12644,2705
846153765933735936,28338,7999
846139713627017216,27965,8952
846042936437604353,14390,2536
845812042753855489,26263,7720
845677943972139009,22718,4296
845397057150107648,6881,1584
845306882940190720,21020,4763
845098359547420673,0,6797
844979544864018432,12338,2283
844973813909606400,13564,2798
844580511645339650,14820,2766
844223788422217728,12342,1960
843981021012017153,13711,2651
843856843873095681,19378,4093
843604394117681152,15282,2436
843235543001513987,19408,5287
842846295480000512,13822,3238
842765311967449089,6120,1158
842535590457499648,16374,3099
842163532590374912,22098,5155
842115215311396866,12667,2694
841833993020538882,0,13312
841680585030541313,23312,7001
841439858740625411,11361,3230
841320156043304961,17891,4920
841314665196081154,14323,4161
841077006473256960,20632,4786
840761248237133825,0,1585
840728873075638272,0,14367
840698636975636481,156,2
840696689258311684,11148,868
840632337062862849,8183,1585
840370681858686976,14882,4083
840268004936019968,17395,5100
839990271299457024,12166,2023
839549326359670784,24882,6937
839239871831150596,24552,5814
838952994649550848,17861,3589
838921590096166913,10108,1816
838916489579200512,0,29
838831947270979586,0,9814
838561493054533637,9907,1206
838476387338051585,20429,4280
838201503651401729,0,9014
838150277551247360,1536,295
838085839343206401,127,0
838083903487373313,16013,2800
837820167694528512,30938,7024
837482249356513284,3490,398
837471256429613056,11630,2030
837110210464448512,14613,2141
836989968035819520,11610,2075
836753516572119041,17593,4176
836677758902222849,11501,1979
836648853927522308,0,497
836397794269200385,0,24610
836380477523124226,13476,2692
836260088725786625,19330,3899
836001077879255040,17381,3825
835685285446955009,0,7273
835574547218894849,16167,3237
835536468978302976,0,1519
835309094223372289,0,18737
835297930240217089,14951,2683
835264098648616962,7026,1519
835246439529840640,1946,63
835172783151792128,23844,5199
835152434251116546,20378,2699
834931633769889797,9803,1461
834786237630337024,19584,4999
834574053763584002,12445,2268
834477809192075265,0,9568
834458053273591808,8773,1514
834209720923721728,18713,4249
834167344700198914,14367,3285
834089966724603904,9165,1924
834086379323871233,11879,1996
833863086058651648,12248,2163
833826103416520705,16615,3430
833732339549220864,0,199
833722901757046785,19075,2943
833479644947025920,13615,1847
833124694597443584,18418,4351
832998151111966721,12075,1960
832769181346996225,0,37
832757312314028032,15358,3252
832682457690300417,10835,2604
832645525019123713,2647,474
832636094638288896,14449,2498
832397543355072512,10885,1997
832369877331693569,15565,2850
832273440279240704,10303,2095
832215909146226688,0,5608
832215726631055365,0,8424
832088576586297345,56,2
832040443403784192,0,8636
832032802820481025,16197,4193
831939777352105988,21832,5539
831926988323639298,310,33
831911600680497154,25119,5853
831670449226514432,9485,1658
831650051525054464,6471,1756
831552930092285952,8219,2116
831322785565769729,8482,1407
831315979191906304,6011,1012
831309418084069378,10743,2209
831262627380748289,10828,1856
830956169170665475,7282,1357
830583320585068544,60766,15120
830173239259324417,0,5139
830097400375152640,8887,2638
829878982036299777,0,4495
829861396166877184,11159,1762
829501995190984704,29050,9568
829449946868879360,9603,1826
829141528400556032,22261,6642
829011960981237760,48519,14649
828801551087042563,0,3092
828770345708580865,23348,5275
828708714936930305,33273,10091
828650029636317184,8675,1214
828409743546925057,5860,1059
828408677031882754,7050,1162
828381636999917570,11500,2019
828376505180889089,6783,970
828372645993398273,11512,2669
828361771580813312,2015,161
828046555563323392,10750,2604
828011680017821696,9463,1952
827933404142436356,18320,4729
827653905312006145,14126,2734
827600520311402496,6863,856
827324948884643840,14522,2751
827199976799354881,9714,2019
826958653328592898,19706,4495
826848821049180160,33060,9159
826615380357632002,0,3605
826598799820865537,4708,225
826598365270007810,9183,2138
826476773533745153,16876,3821
826240494070030336,12145,2375
826204788643753985,4466,842
826115272272650244,14314,2808
825876512159186944,9622,1708
825829644528148480,11674,2285
825535076884762624,52040,15885
825147591692263424,16741,4096
825120256414846976,0,1154
825026590719483904,5741,1154
824796380199809024,0,4996
824775126675836928,13662,3206
824663926340194305,9661,1618
824325613288833024,10855,9623
824297048279236611,13849,3493
824025158776213504,4396,539
823939628516474880,9754,2482
823719002937630720,0,10154
823699002998870016,12705,2263
823581115634085888,11876,2394
823333489516937216,641,20
823322678127919110,14396,3643
823269594223824897,0,9044
822975315408461824,15882,3125
822872901745569793,120428,39027
822859134160621569,12071,2072
822647212903690241,0,5840
822610361945911296,13571,2668
822489057087389700,16636,5840
822462944365645825,25724,12923
822244816520155136,32177,9044
822163064745328640,0,4291
821886076407029760,10363,2102
821813639212650496,0,3059
821765923262631936,7668,1536
821522889702862852,7358,1609
821421320206483457,0,5035
821407182352777218,10830,3922
821153421864615936,228,8
821149554670182400,7889,1793
821107785811234820,8786,1924
821044531881721856,11591,2082
820837357901512704,0,6115
820749716845686786,28949,9014
820690176645140481,11276,2952
820494788566847489,0,516
820446719150292993,0,2356
820314633777061888,3070,516
820078625395449857,18130,5665
820013781606658049,0,1063
819952236453363712,4884,1063
819924195358416896,11906,4451
819711362133872643,12229,2801
819588359383371776,8856,1835
819347104292290561,6637,1100
819238181065359361,2067,373
819227688460238848,21183,6115
819015337530290176,0,33826
819015331746349057,0,17431
819006400881917954,41869,17431
819004803107983360,80414,33817
818646164899774465,0,19051
818627210458333184,20659,6918
818614493328580609,9044,2315
818588835076603904,0,5581
818536468981415936,9970,2226
818307523543449600,0,7322
818259473185828864,10126,2035
818145370475810820,11301,2322
817908911860748288,4484,724
817827839487737858,47459,24610
817777686764523521,9941,2473
817536400337801217,10843,2681
817502432452313088,0,3067
817423860136083457,31079,13312
817415592588222464,5166,871
817181837579653120,0,7711
817171292965273600,8054,1826
817120970343411712,11214,2362
817056546584727552,7917,1489
816829038950027264,0,4302
816816676327063552,9232,1861
816697700272001025,8989,2008
816450570814898180,27960,7322
816336735214911488,7952,1764
816091915477250048,8271,1954
816062466425819140,0,924
816014286006976512,0,4782
815990720817401858,4563,924
815966073409433600,20617,7711
815745968457060357,0,3781
815736392542261248,9045,2081
815639385530101762,7566,1525
815390420867969024,9552,3498
814986499976527872,7063,1173
814638523311648768,10409,2482
814578408554463233,0,5335
814530161257443328,8032,1716
814153002265309185,26603,7929
813944609378369540,0,2906
813910438903693312,8594,1712
813812741911748608,33663,12742
813800681631023104,7667,1612
813217897535406080,17215,6725
813202720496779264,8542,1669
813187593374461952,18287,3969
813172488309972993,8555,1778
813157409116065792,7163,2027
813142292504645637,7850,2200
813130366689148928,4138,411
813127251579564032,10951,2871
813112105746448384,9548,2523
813096984823349248,9726,3318
813081950185472002,9177,2552
813066809284972545,7362,1796
813051746834595840,19416,6702
812781120811126785,6972,1759
812709060537683968,6100,1332
812503143955202048,5576,1125
812466873996607488,7357,1771
812372279581671427,12592,3361
811985624773361665,6727,1289
811744202451197953,6984,1441
811647686436880384,5171,670
811627233043480576,11760,2790
811386762094317568,19302,5860
810984652412424192,4912,1300
810896069567610880,8296,1608
810657578271330305,10134,2417
810284430598270976,32444,10312
810254108431155201,13528,3092
809920764300447744,14337,3605
809808892968534016,0,4497
809448704142938112,6432,1341
809220051211603969,18341,5139
809084759137812480,12192,3220
808838249661788160,9360,2804
808733504066486276,7297,1997
808501579447930884,10456,2418
808344865868283904,39246,19051
808134635716833280,0,5400
808106460588765185,8153,2024
808001312164028416,11528,3245
807621403335917568,13479,3326
807106840509214720,108736,50556
807059379405148160,0,6741
807010152071229440,12078,3533
806629075125202948,68730,31724
806620845233815552,0,5030
806576416489959424,4519,1768
806542213899489280,9469,2180
806242860592926720,0,10666
806219024703037440,5959,1105
805958939288408065,0,4920
805932879469572096,7657,1765
805826884734976000,6083,1687
805823200554876929,0,7317
805520635690676224,5337,1520
805487436403003392,8100,2334
805207613751304193,7268,1589
804738756058218496,12588,3528
804475857670639616,5676,1840
804413760345620481,0,2949
804026241225523202,41094,14735
803773340896923648,9296,2538
803692223237865472,0,6755
803638050916102144,10120,3817
803380650405482500,7173,1738
803321560782307329,0,4862
803276597545603072,9272,2259
802952499103731712,8364,1834
802624713319034886,0,2681
802600418706604034,6582,1360
802572683846291456,8278,2310
802323869084381190,14927,5369
802265048156610565,6433,1269
802239329049477120,8420,2402
802185808107208704,0,246
801958328846974976,7171,1560
801854953262350336,1685,217
801538201127157760,7591,1915
801285448605831168,5595,763
801167903437357056,22453,5400
801127390143516673,0,3632
801115127852503040,7460,1954
800859414831898624,638,89
800855607700029440,0,1491
800751577355128832,9836,2580
800513324630806528,12109,2762
800459316964663297,8793,2022
800443802682937345,0,3947
800388270626521089,10298,2587
800188575492947969,0,3600
800141422401830912,14155,2356
800018252395122689,26234,12046
799774291445383169,0,4277
799757965289017345,7746,1973
799422933579902976,7452,1757
799308762079035393,0,4983
799297110730567681,9140,2505
799063482566066176,7480,2300
798933969379225600,12097,4081
798925684722855936,6946,1332
798705661114773508,0,6089
798701998996647937,0,7083
798697898615730177,0,5964
798694562394996736,0,4547
798686750113755136,0,2140
798682547630837760,0,4338
798673117451325440,0,5108
798665375516884993,0,3612
798644042770751489,0,1714
798628517273620480,0,1831
798585098161549313,0,5158
798576900688019456,0,5364
798340744599797760,0,3078
798209839306514432,9664,2385
797971864723324932,10682,2841
797545162159308800,13457,4542
797236660651966464,18453,6042
797165961484890113,208,24
796904159865868288,0,8175
796865951799083009,7113,1805
796759840936919040,10885,2771
796563435802726400,0,6575
796484825502875648,6980,1614
796387464403357696,10168,3810
796177847564038144,0,13087
796149749086875649,29700,13087
796125600683540480,4595,1639
796116448414461957,8390,2206
796080075804475393,7780,2127
796031486298386433,9967,3418
795464331001561088,45616,21529
795400264262053889,9280,2633
795076730285391872,14932,4996
794983741416415232,0,3107
794926597468000259,9405,2121
794355576146903043,0,9483
794332329137291264,8873,2488
794205286408003585,8532,3054
793962221541933056,15493,4497
793845145112371200,8508,1715
793614319594401792,0,2856
793601777308463104,7363,1499
793500921481273345,9821,2189
793286476301799424,22671,8424
793271401113350145,8001,2214
793256262322548741,18436,7644
793241302385262592,9693,3010
793226087023144960,9050,2673
793210959003287553,8220,2558
793195938047070209,14080,5191
793180763617361921,6390,1831
793165685325201412,8660,2589
793150605191548928,5670,1558
793135492858580992,5941,2302
793120401413079041,11708,3602
792913359805018113,13211,3641
792883833364439040,10394,3923
792773781206999040,6789,1547
792394556390137856,12374,3941
792050063153438720,6591,1641
791821351946420224,0,19267
791784077045166082,0,8700
791780927877898241,0,3488
791774931465953280,41701,20346
791672322847637504,10800,2856
791406955684368384,12140,3781
791312159183634433,8076,2313
791026214425268224,0,3720
790987426131050500,9037,1951
790946055508652032,15418,4302
790723298204217344,0,2103
790698755171364864,7587,1767
790581949425475584,19075,6523
790337589677002753,7206,1737
790277117346975746,11536,2906
790227638568808452,0,3239
789986466051088384,8571,2103
789960241177853952,0,3729
789903600034189313,9512,3799
789628658055020548,6893,1604
789599242079838210,6215,1755
789530877013393408,10796,3107
789314372632018944,7972,2095
789280767834746880,0,4494
789268448748703744,8423,2395
789137962068021249,8951,2555
788908386943430656,25293,11408
788765914992902144,25206,9483
788552643979468800,0,6518
788412144018661376,14344,4844
788178268662984705,6709,1949
788150585577050112,5653,1181
788070120937619456,0,3161
788039637453406209,5629,1201
787810552592695296,7928,2789
787717603741622272,9425,2530
787397959788929025,10021,2611
787322443945877504,7188,1605
787111942498508800,0,6184
786963064373534720,24529,7273
786729988674449408,0,2215
786709082849828864,16852,5608
786664955043049472,9777,2313
786595970293370880,8707,2858
786363235746385920,10027,3152
786286427768250368,7371,2602
786233965241827333,13986,4291
786051337297522688,1322,143
786036967502913536,0,6377
785927819176054784,10473,2925
785872687017132033,6156,1646
785639753186217984,7211,2068
785533386513321988,8318,1799
785515384317313025,5625,1135
785264754247995392,6729,1490
785170936622350336,11054,4396
784826020293709826,9312,2949
784517518371221505,8273,2314
784431430411685888,5297,1160
784183165795655680,18442,7318
784057939640352768,27333,10154
783839966405230592,27590,9814
783821107061198850,6799,1792
783695101801398276,9611,2932
783466772167098368,7740,2040
783391753726550016,15578,4998
783347506784731136,0,5042
783334639985389568,26794,10666
783085703974514689,7519,1983
782969140009107456,22191,6741
782747134529531904,6885,1290
782722598790725632,15870,4920
782598640137187329,7166,1739
782305867769217024,15291,5035
782021823840026624,0,5600
781955203444699136,10272,3073
781661882474196992,9601,2470
781655249211752448,3674,1033
781524693396357120,19018,5030
781308096455073793,6558,2342
781251288990355457,7678,1891
781163403222056960,8985,2526
780931614150983680,19882,6575
780858289093574656,6590,1825
780800785462489090,5037,1179
780601303617732608,11054,3059
780543529827336192,5807,1600
780496263422808064,0,3353
780476555013349377,0,103
780459368902959104,4859,981
780192070812196864,7990,2038
780092040432480260,0,2080
780074436359819264,11134,4484
779834332596887552,17272,6377
779377524342161408,8022,2825
779124354206535695,0,16708
779056095788752897,13536,4133
778990705243029504,18297,6542
778774459159379968,0,8955
778764940568104960,797,328
778748913645780993,6277,1182
778650543019483137,5266,1367
778624900596654080,4224,925
778408200802557953,12551,3938
778396591732486144,0,11086
778383385161035776,5347,999
778286810187399168,9470,3001
778039087836069888,7792,2406
778027034220126208,6012,1460
777953400541634568,0,3189
777885040357281792,5818,1483
777684233540206592,10316,2681
777641927919427584,0,3845
777621514455814149,7995,2303
777189768882946048,12971,3900
776819012571455488,0,12306
776813020089548800,4492,1099
776477788987613185,8026,2505
776249906839351296,0,8279
776218204058357768,27420,14409
776201521193218049,8786,2288
776113305656188928,10801,3947
776088319444877312,1676,140
775898661951791106,0,15232
775842724423557120,10720,2409
775733305207554048,12685,3632
775729183532220416,11906,4186
775364825476165632,6782,2665
775350846108426240,9314,3542
775085132600442880,14246,4277
774757898236878852,7900,1618
774639387460112384,6198,1571
774314403806253056,19989,4983
773985732834758656,9892,3517
773922284943896577,5897,1590
773704687002451968,6054,1465
773670353721753600,4917,1197
773547596996571136,20254,5581
773336787167145985,0,4547
773308824254029826,21323,6797
773247561583001600,8631,2947
773191612633579521,9136,3725
772877495989305348,7847,3518
772826264096874500,7344,2158
772615324260794368,0,3052
772581559778025472,5940,1551
772193107915964416,5527,1261
772152991789019136,3490,1031
772117678702071809,3455,669
772114945936949249,2518,430
772102971039580160,3657,843
771908950375665664,5994,1717
771770456517009408,10915,3078
771500966810099713,7575,2380
771380798096281600,9653,4547
771171053431250945,0,6738
771136648247640064,8390,2662
771102124360998913,5696,1300
771014301343748096,6293,1501
770787852854652928,4476,1079
770772759874076672,4749,1298
770655142660169732,6717,1633
770414278348247044,5777,1887
770293558247038976,5694,1321
770093767776997377,0,2759
770069151037685760,6939,2084
769940425801170949,28540,8636
769695466921623552,5873,1526
769335591808995329,0,6999
769212283578875904,4966,1571
768970937022709760,13066,5866
768909767477751808,0,2381
768855141948723200,3828,807
768609597686943744,3756,1073
768596291618299904,4619,1169
768554158521745409,0,5252
768473857036525572,12458,3098
768193404517830656,9891,3189
767884188863397888,4351,1248
767754930266464257,14548,4862
767500508068192258,6853,2099
767191397493538821,11213,3400
767122157629476866,9293,2577
766793450729734144,4618,1226
766714921925144576,2389,340
766693177336135680,3676,710
766423258543644672,5492,1423
766313316352462849,6189,1687
766078092750233600,0,2368
766069199026450432,3839,755
766008592277377025,3428,448
765719909049503744,6593,1948
765669560888528897,4707,1106
765395769549590528,24360,3051
765371061932261376,6509,1959
765222098633691136,10634,3052
764857477905154048,5917,1610
764259802650378240,5480,1353
763956972077010945,712,48
763837565564780549,11435,3720
763183847194451968,4912,1319
763167063695355904,0,2685
763103485927849985,6727,2061
762699858130116608,11024,3239
762471784394268675,10267,5793
762464539388485633,9384,3729
762316489655476224,4385,1013
762035686371364864,29149,14028
761976711479193600,4916,1781
761750502866649088,0,3514
761745352076779520,3912,780
761672994376806400,45153,26115
761599872357261312,3776,1069
761371037149827077,0,16303
761334018830917632,4692,1315
761292947749015552,4069,985
761227390836215808,4834,1404
761004547850530816,10349,3161
760893934457552897,3473,871
760656994973933572,6017,1704
760641137271070720,4547,1167
760539183865880579,6893,3256
760521673607086080,3830,1260
760290219849637889,24408,10360
760252756032651264,3621,782
760190180481531904,5228,1609
760153949710192640,0,27
759943073749200896,5401,1889
759846353224826880,6113,1767
759793422261743616,5435,1732
759557299618865152,4298,1086
759447681597108224,7678,2216
759446261539934208,1522,446
759197388317847553,5577,1771
759159934323924993,0,1050
759099523532779520,13276,3739
759047813560868866,5916,1804
758854675097526272,3231,818
758828659922702336,10196,3467
758740312047005698,5235,1474
758474966123810816,3458,900
758467244762497024,4360,1990
758405701903519748,4754,1721
758355060040593408,3062,941
758099635764359168,17286,8955
758041019896193024,2446,333
757741869644341248,6245,2960
757729163776290825,0,7066
757725642876129280,4145,1081
757611664640446465,4174,991
757597904299253760,0,272
757596066325864448,3970,938
757400162377592832,13788,6206
757393109802180609,5329,1561
757354760399941633,4110,1276
756998049151549440,5691,1798
756939218950160384,6052,1808
756651752796094464,4555,1166
756526248105566208,9434,3216
756303284449767430,3595,984
756288534030475264,40082,15957
756275833623502848,5818,1374
755955933503782912,6672,2573
755206590534418437,14923,4820
755110668769038337,19261,9981
754874841593970688,0,7091
754856583969079297,6295,2268
754747087846248448,2349,465
754482103782404096,4808,1754
754449512966619136,3402,657
754120377874386944,7186,2124
753655901052166144,5318,1952
753420520834629632,7144,3170
753398408988139520,5229,1693
753375668877008896,6921,2080
753298634498793472,0,5099
753294487569522689,3026,937
753039830821511168,33728,18737
753026973505581056,3560,854
752932432744185856,11487,6184
752917284578922496,6318,1409
752701944171524096,0,2566
752682090207055872,5466,1430
752660715232722944,3977,1401
752568224206688256,4995,2052
752519690950500352,6662,3075
752334515931054080,3505,989
752309394570878976,0,14647
752173152931807232,5414,1632
751950017322246144,2791,815
751937170840121344,4721,1174
751830394383790080,5315,1751
751793661361422336,5267,2558
751598357617971201,7223,2761
751583847268179968,3980,991
751538714308972544,4589,1130
751456908746354688,2932,910
751251247299190784,11442,5277
751205363882532864,5733,1639
751132876104687617,4600,1165
750868782890057730,4359,1220
750719632563142656,11941,4494
750506206503038976,4022,1023
750429297815552001,11992,3845
750383411068534784,4138,1019
750381685133418496,654,25
750147208377409536,2840,863
750132105863102464,3283,1151
750117059602808832,3950,1184
750101899009982464,2782,762
750086836815486976,1969,479
750071704093859840,7083,2980
750056684286914561,2876,804
750041628174217216,2888,558
750026558547456000,2458,703
750011400160841729,2930,803
749996283729883136,2758,739
749981277374128128,4678,2223
749774190421639168,4235,1181
749417653287129088,5537,1482
749403093750648834,2382,479
749395845976588288,7770,3096
749317047558017024,4959,2009
749075273010798592,5221,1840
749064354620928000,4379,1377
749036806121881602,2806,720
748977405889503236,9753,3066
748932637671223296,5282,2020
748705597323898880,2512,852
748699167502000129,4287,1432
748692773788876800,3848,1208
748575535303884801,5512,1771
748568946752774144,1990,594
748346686624440324,4715,1101
748337862848962560,6911,3664
748324050481647620,3371,670
748307329658011649,3351,642
748220828303695873,12872,6940
747963614829678593,5235,1914
747933425676525569,6018,2307
747885874273214464,2652,860
747844099428986880,2554,664
747816857231626240,4400,1032
747651430853525504,1246,138
747648653817413632,11696,5214
747600769478692864,2108,514
747594051852075008,3326,935
747512671126323200,4992,1450
747461612269887489,3492,918
747439450712596480,4923,1723
747242308580548608,0,2574
747219827526344708,4773,1414
747204161125646336,3044,810
747103485104099331,8677,3548
746906459439529985,2649,261
746872823977771008,5435,1889
746818907684614144,4825,1558
746790600704425984,4428,1430
746757706116112384,8618,3488
746726898085036033,5491,1611
746542875601690625,4589,1711
746521445350707200,0,878
746507379341139972,4261,973
746369468511756288,5608,1451
746131877086527488,6223,1956
746056683365994496,3228,720
745789745784041472,3569,945
745712589599014916,6332,2076
745433870967832576,6391,2269
745422732645535745,7752,2158
745314880350101504,6453,2442
745074613265149952,7092,3117
745057283344719872,6572,2017
744995568523612160,2664,557
744971049620602880,7135,2395
744709971296780288,5082,1400
744334592493166593,6192,1892
744234799360020481,141449,69230
744223424764059648,1495,320
743980027717509120,3781,981
743895849529389061,3307,858
743835915802583040,0,1831
743609206067040256,4059,1240
743595368194129920,16525,5829
743545585370791937,3195,847
743510151680958465,7206,3332
743253157753532416,3828,1099
743222593470234624,5582,1704
743210557239623680,3481,1218
742534281772302336,6409,3215
742528092657332225,3996,1767
742465774154047488,6562,3526
742423170473463808,8834,3353
742385895052087300,6109,1733
742161199639494656,3910,1221
742150209887731712,4582,1368
741793263812808706,4120,1363
741743634094141440,7374,2450
741438259667034112,3328,731
741303864243200000,7912,2858
741099773336379392,9008,4912
741067306818797568,8636,2759
740995100998766593,5679,2416
740711788199743490,3070,839
740699697422163968,2572,693
740676976021798912,16393,6089
740373189193256964,31634,11856
740365076218183684,2200,378
740359016048689152,2978,781
740214038584557568,6005,1757
739979191639244800,17970,5252
739932936087216128,3635,959
739844404073074688,3436,773
739623569819336705,3414,1215
739606147276148736,4846,1471
739544079319588864,35633,18889
739485634323156992,6433,2596
739238157791694849,104391,51729
738891149612572673,88,6
738885046782832640,3405,1018
738883359779196928,2957,707
738537504001953792,4586,1364
738402415918125056,2929,731
738184450748633089,3874,1088
738166403467907072,7878,2979
738156290900254721,2224,574
737826014890496000,4701,1571
737800304142471168,8983,3118
737678689543020544,4520,1168
737445876994609152,9230,3984
737322739594330112,3241,716
737310737551491075,13225,6613
736736130620620800,3782,1523
736392552031657984,15962,6518
736365877722001409,3585,1086
736225175608430592,7303,2496
736010884653420544,7085,2656
735991953473572864,3230,1025
735648611367784448,3648,985
735635087207878657,5514,2094
735274964362878976,11774,4446
735256018284875776,2997,792
735137028879360001,2823,861
734912297295085568,2475,463
734787690684657664,11290,5671
734776360183431168,2266,481
734559631394082816,1345,346
733828123016450049,3218,701
733822306246479872,3304,901
733482008106668032,2814,834
733460102733135873,3777,1120
733109485275860992,48105,15232
732732193018155009,2173,473
732726085725589504,3203,780
732585889486888962,3278,702
732375214819057664,7250,2244
732005617171337216,13350,4782
731285275100512256,3122,881
731156023742988288,3457,1117
730924654643314689,5471,1747
730573383004487680,4353,1875
730427201120833536,3126,925
730211855403241472,3405,941
730196704625098752,4330,1667
729854734790754305,3619,992
729838605770891264,1560,335
729823566028484608,3555,1105
729463711119904772,5194,2053
729113531270991872,1700,286
728986383096946689,2817,725
728760639972315136,4178,1511
728751179681943552,2467,604
728653952833728512,2991,928
728409960103686147,4382,1791
728387165835677696,3321,861
728046963732717569,3823,1062
728035342121635841,4055,1479
728015554473250816,3687,972
727685679342333952,2657,560
727644517743104000,5260,1558
727524757080539137,3994,1059
727314416056803329,2991,661
727286334147182592,2740,730
727175381690781696,3499,1215
727155742655025152,3249,1174
726935089318363137,6151,2156
726887082820554753,3454,1343
726828223124897792,3206,896
726224900189511680,3965,1020
725842289046749185,6348,2368
725786712245440512,3745,1224
725729321944506368,4661,1574
725458796924002305,1279,550
724983749226668032,3354,1141
724771698126512129,2101,559
724405726123311104,4749,1481
724049859469295616,3866,1586
724046343203856385,2394,507
724004602748780546,3748,1370
723912936180330496,3500,1102
723688335806480385,6895,2602
723673163800948736,2723,802
723179728551723008,4746,1656
722974582966214656,3690,1401
722613351520608256,4471,1461
721503162398597120,4138,1612
721001180231503872,2290,545
720785406564900865,2779,684
720775346191278080,2209,551
720415127506415616,3696,1332
720389942216527872,5718,2215
720340705894408192,2561,850
720059472081784833,3461,999
720043174954147842,4453,1778
719991154352222208,4374,1567
719704490224398336,4051,1264
719551379208073216,4545,1682
719367763014393856,2542,674
719339463458033665,3990,1097
719332531645071360,3095,832
718971898235854848,3125,958
718939241951195136,4676,1550
718631497683582976,16898,7083
718613305783398402,2183,423
718540630683709445,2192,907
718460005985447936,2421,464
718454725339934721,4393,1350
718246886998687744,1708,437
718234618122661888,3468,893
717841801130979328,2219,538
717790033953034240,2569,966
717537687239008257,5162,1623
717428917016076293,1441,398
717421804990701568,2798,738
717047459982213120,5630,1702
717009362452090881,2912,856
716802964044845056,3867,1028
716791146589110272,8232,1468
716730379797970944,1110,392
716447146686459905,11724,5207
716439118184652801,2136,183
716285507865542656,2497,947
716080869887381504,6082,1674
715928423106027520,2861,771
715758151270801409,3339,1265
715733265223708672,4166,1499
715704790270025728,2500,506
715696743237730304,3491,1138
715680795826982913,3882,1423
715360349751484417,4911,1386
715342466308784130,2716,608
715220193576927233,2155,576
715200624753819648,4629,1649
715009755312439296,3718,1077
714982300363173890,3336,912
714962719905021952,6560,3757
714957620017307648,3717,1262
714631576617938945,2940,873
714606013974974464,3269,812
714485234495041536,2397,994
714258258790387713,2739,661
714251586676113411,2948,748
714214115368108032,2073,784
714141408463036416,3884,1247
713919462244790272,2963,703
713909862279876608,1706,477
713900603437621249,2541,644
713761197720473600,4348,1216
713411074226274305,3991,1160
713177543487135744,6482,2545
713175907180089344,3981,1306
712809025985978368,17107,5964
712717840512598017,11056,4436
712668654853337088,3729,1085
712438159032893441,4768,1389
712309440758808576,217,24
712097430750289920,3366,917
712092745624633345,2634,786
712085617388212225,2936,427
712065007010385924,2016,560
711998809858043904,0,119
711968124745228288,7214,2049
711743778164514816,2550,886
711732680602345472,7897,3616
711694788429553666,29590,16303
711652651650457602,3458,808
711363825979756544,3243,1003
711306686208872448,2973,661
711008018775851008,2664,547
710997087345876993,4101,1236
710844581445812225,2292,599
710833117892898816,2406,465
710658690886586372,2084,507
710609963652087808,4323,2123
710588934686908417,4088,1662
710296729921429505,2139,657
710283270106132480,1934,471
710272297844797440,4039,1114
710269109699739648,2143,993
710153181850935296,2632,795
710140971284037632,2460,786
710117014656950272,4926,1753
709918798883774466,3131,964
709901256215666688,596,89
709852847387627521,3154,1074
709566166965075968,3172,1048
709556954897764353,2937,966
709519240576036864,1346,216
709449600415961088,1962,507
709409458133323776,2379,604
709225125749587968,2152,515
709207347839836162,11200,5088
709198395643068416,2205,575
709179584944730112,1817,592
709158332880297985,1825,358
709042156699303936,4219,1452
708853462201716736,1637,584
708845821941387268,2690,793
708834316713893888,1497,439
708810915978854401,14886,6152
708738143638450176,2479,727
708711088997666817,2287,630
708479650088034305,2283,608
708469915515297792,2757,714
708400866336894977,14355,8900
708356463048204288,3228,1177
708349470027751425,2137,662
708149363256774660,3891,1387
708130923141795840,3030,768
708119489313951744,2416,869
708109389455101952,1758,492
708026248782585858,3976,1717
707995814724026368,2795,990
707983188426153984,43,2
707969809498152960,2423,854
707776935007539200,2933,851
707741517457260545,2232,544
707738799544082433,3642,2157
707693576495472641,3033,900
707629649552134146,2299,772
707610948723478529,15238,5600
707420581654872064,2017,612
707411934438625280,2068,532
707387676719185920,3131,1123
707377100785885184,2929,958
707315916783140866,2231,564
707297311098011648,2508,697
707059547140169728,2343,611
707038192327901184,1971,698
707021089608753152,3647,1205
707014260413456384,2065,535
706904523814649856,13144,6999
706901761596989440,1846,507
706681918348251136,2951,877
706644897839910912,2299,960
706593038911545345,1934,568
706538006853918722,3117,1268
706516534877929472,2813,914
706346369204748288,3079,825
706310011488698368,19080,7001
706291001778950144,1528,426
706265994973601792,2443,827
706169069255446529,3519,1978
706166467411222528,4615,1419
706153300320784384,1328,336
705975130514706432,2797,652
705970349788291072,2854,784
705898680587526145,2123,487
705786532653883392,1760,456
705591895322394625,2820,1007
705475953783398401,2668,807
705442520700944385,3969,1430
705428427625635840,3414,1492
705239209544720384,2680,664
705223444686888960,2323,706
705102439679201280,1922,468
705066031337840642,1967,548
704871453724954624,3899,995
704859558691414016,2011,468
704847917308362754,4588,1340
704819833553219584,2381,881
704761120771465216,5969,2574
704499785726889984,2582,879
704491224099647488,670,68
704480331685040129,3060,958
704364645503647744,7170,3170
704347321748819968,1407,305
704134088924532736,1356,403
704113298707505153,1666,510
704054845121142784,2632,831
703774238772166656,1664,396
703769065844768768,2926,1000
703631701117943808,2314,586
703611486317502464,3442,1347
703425003149250560,3402,1194
703407252292673536,2211,611
703382836347330562,3139,1006
703356393781329922,1724,338
703268521220972544,1787,487
703079050210877440,6652,2742
703041949650034688,23718,11086
702932127499816960,2301,634
702899151802126337,1453,401
702684942141153280,2903,946
702671118226825216,1961,497
702598099714314240,11016,3081
702539513671897089,2581,849
702332542343577600,2855,1359
702321140488925184,2941,930
702276748847800320,2227,682
702217446468493312,4261,1195
701981390485725185,3071,872
701952816642965504,3439,908
701889187134500865,3170,1238
701805642395348998,3057,1479
701601587219795968,1880,410
701570477911896070,2503,815
701545186879471618,2387,533
701214700881756160,10984,4547
700890391244103680,1984,499
700864154249383937,2339,547
700847567345688576,2218,443
700796979434098688,2185,842
700747788515020802,20500,8279
700518061187723268,2330,710
700505138482569216,2047,514
700462010979500032,3688,1597
700167517596164096,2358,636
700151421916807169,2003,591
700143752053182464,6734,2381
700062718104104960,2381,595
700029284593901568,1871,523
700002074055016451,2957,1179
699801817392291840,2712,834
699788877217865730,2001,462
699779630832685056,2445,1083
699775878809702401,1770,530
699691744225525762,9232,4065
699446877801091073,5361,2344
699434518667751424,1983,458
699423671849451520,1217,281
699413908797464576,1879,554
699370870310113280,1695,380
699323444782047232,2833,772
699088579889332224,2024,551
699079609774645248,2203,557
699072405256409088,2644,1061
699060279947165696,3361,1584
699036661657767936,2351,1074
698989035503689728,3008,856
698953797952008193,2414,800
698907974262222848,2285,544
698710712454139905,2210,602
698703483621523456,1290,332
698635131305795584,1160,305
698549713696649216,2087,545
698355670425473025,1661,387
698342080612007937,2033,848
698262614669991936,4285,1750
698195409219559425,15123,5335
698178924120031232,2531,662
697995514407682048,1376,299
697990423684476929,2954,1149
697943111201378304,2152,594
697881462549430272,2726,1033
697630435728322560,1557,487
697616773278015490,2831,902
697596423848730625,2698,1108
697575480820686848,1842,443
697516214579523584,1834,974
697482927769255936,2185,587
697463031882764288,3086,1242
697270446429966336,4252,1680
697259378236399616,2960,878
697255105972801536,2785,1033
697242256848379904,2272,604
696900204696625153,2858,912
696894894812565505,2115,607
696886256886657024,4351,1595
696877980375769088,2202,626
696754882863349760,1336,320
696744641916489729,1851,821
696713835009417216,2127,574
696518437233913856,3551,1535
696490539101908992,1106,120
696488710901260288,2262,904
696405997980676096,2859,1029
696100768806522880,1727,579
695816827381944320,2696,1027
695794761660297217,2850,686
695767669421768709,1672,651
695629776980148225,4097,1850
695446424020918272,4002,1621
695409464418041856,7777,3175
695314793360662529,3274,1272
695095422348574720,2402,534
695074328191332352,2553,971
695064344191721472,1450,517
695051054296211456,2376,706
694925794720792577,2430,803
694905863685980160,2468,816
694669722378485760,32143,12787
694356675654983680,1362,245
694352839993344000,1839,533
694342028726001664,1427,424
694329668942569472,1783,441
694206574471057408,3730,1826
694183373896572928,2648,831
694001791655137281,3054,908
693993230313091072,1693,354
693942351086120961,1573,320
693647888581312512,2407,510
693644216740769793,1225,114
693642232151285760,2284,371
693629975228977152,2219,711
693622659251335168,1398,330
693590843962331137,4534,1741
693582294167244802,1489,219
693486665285931008,1597,553
693280720173801472,3029,1100
693267061318012928,2155,718
693262851218264065,2003,444
693231807727280129,2594,655
693155686491000832,7099,2840
693109034023534592,1527,546
693095443459342336,1652,397
692919143163629568,2441,683
692905862751522816,2188,772
692901601640583168,1582,530
692894228850999298,2031,699
692828166163931137,2588,780
692752401762250755,6126,3229
692568918515392513,3945,1367
692535307825213440,2830,1214
692530551048294401,1652,361
692423280028966913,1339,191
692417313023332352,8416,3067
692187005137076224,2280,731
692158366030913536,1924,708
692142790915014657,1476,349
692041934689402880,3058,1113
692017291282812928,2613,848
691820333922455552,3546,1457
691793053716221953,7310,3750
691756958957883396,2544,869
691675652215414786,1759,455
691483041324204033,2142,491
691459709405118465,3646,997
691444869282295808,2375,734
691416866452082688,17412,6755
691321916024623104,2321,587
691096613310316544,2683,780
691090071332753408,1559,296
690989312272396288,5310,2551
690959652130045952,3234,1092
690938899477221376,3695,1713
690932576555528194,2962,882
690735892932222976,3407,1123
690728923253055490,1941,457
690690673629138944,2092,733
690649993829576704,1177,244
690607260360429569,275,14
690597161306841088,1738,537
690400367696297985,1706,394
690374419777196032,2900,754
690360449368465409,2391,775
690348396616552449,1339,457
690248561355657216,1499,363
690021994562220032,2525,910
690015576308211712,2243,649
690005060500217858,3304,1524
689999384604450816,1267,323
689993469801164801,1324,395
689977555533848577,1234,400
689905486972461056,2213,607
689877686181715968,2743,1023
689835978131935233,1968,674
689661964914655233,2926,838
689659372465688576,9295,3414
689623661272240129,1995,570
689599056876867584,10512,4945
689557536375177216,1855,394
689517482558820352,3062,1270
689289219123089408,2031,829
689283819090870273,2944,980
689280876073582592,1788,631
689275259254616065,1030,218
689255633275777024,2287,956
689154315265683456,2795,877
689143371370250240,1832,450
688916208532455424,2438,761
688908934925697024,1899,696
688898160958271489,1883,701
688894073864884227,2019,609
688828561667567616,1253,310
688804835492233216,869,165
688789766343622656,2005,591
688547210804498433,2343,611
688519176466644993,2101,647
688385280030670848,8322,4005
688211956440801280,2035,730
688179443353796608,1924,518
688116655151435777,2556,685
688064179421470721,1551,314
687841446767013888,4897,2200
687826841265172480,2465,991
687818504314159109,2236,849
687807801670897665,2133,638
687732144991551489,1584,585
687704180304273409,2192,757
687664829264453632,1763,464
687494652870668288,1720,519
687480748861947905,1444,215
687476254459715584,1780,471
687460506001633280,1848,484
687399393394311168,1705,541
687317306314240000,18209,8175
687312378585812992,3927,1700
687127927494963200,4863,2012
687124485711986689,1976,454
687109925361856513,5254,2197
687102708889812993,2115,854
687096057537363968,2029,545
686947101016735744,7794,2844
686760001961103360,3174,1239
686749460672679938,3136,1293
686730991906516992,3722,1071
686683045143953408,2551,718
686618349602762752,3338,1218
686606069955735556,1706,482
686394059078897668,1556,625
686386521809772549,2929,771
686377065986265092,1997,501
686358356425093120,1944,577
686286779679375361,3633,1489
686050296934563840,2028,648
686035780142297088,1036,101
686034024800862208,2781,1010
686007916130873345,2231,355
686003207160610816,1643,554
685973236358713344,1888,467
685943807276412928,1466,522
685906723014619143,6747,2539
685681090388975616,1838,106
685667379192414208,2140,506
685663452032069632,2916,1309
685641971164143616,2646,687
685547936038666240,29672,13837
685532292383666176,2748,1031
685325112850124800,8472,3514
685321586178670592,2395,570
685315239903100929,2962,930
685307451701334016,1872,385
685268753634967552,2761,1048
685198997565345792,2089,585
685169283572338688,3691,1256
684969860808454144,2162,319
684959798585110529,6157,2756
684940049151070208,2888,920
684926975086034944,3124,409
684914660081053696,3154,1295
684902183876321280,1666,455
684880619965411328,1880,709
684830982659280897,31602,19267
684800227459624960,2454,893
684594889858887680,7998,3109
684588130326986752,3734,1257
684567543613382656,2707,1078
684538444857667585,2378,835
684481074559381504,3481,1049
684460069371654144,1774,491
684241637099323392,7326,2896
684225744407494656,1112,182
684222868335505415,3422,1217
684200372118904832,1925,921
684195085588783105,1715,448
684188786104872960,3131,1020
684177701129875456,1822,581
684147889187209216,2661,1331
684122891630342144,1815,416
684097758874210310,3695,1264
683857920510050305,3434,997
683852578183077888,1751,311
683849932751646720,2356,837
683834909291606017,2356,1001
683828599284170753,2527,958
683773439333797890,2985,1197
683742671509258241,5826,2950
683515932363329536,6672,2566
683498322573824003,2855,857
683481228088049664,2393,884
683462770029932544,2177,607
683449695444799489,3499,1428
683391852557561860,6859,2140
683357973142474752,2612,811
683142553609318400,2580,922
683111407806746624,3059,810
683098815881154561,1950,578
683078886620553216,1798,510
683030066213818368,1944,649
682962037429899265,32962,14603
682808988178739200,1583,149
682788441537560576,2232,1001
682750546109968385,1363,386
682697186228989953,1179,327
682662431982772225,2731,962
682638830361513985,1852,525
682429480204398592,3095,1017
682406705142087680,6775,1557
682393905736888321,2012,580
682389078323662849,1496,418
682303737705140231,2757,871
682259524040966145,3691,1057
682242692827447297,2889,1019
682088079302213632,16368,8700
682059653698686977,4431,1510
682047327939461121,2874,833
682032003584274432,5925,1757
682003177596559360,2790,1339
681981167097122816,2524,904
681891461017812993,2204,732
681694085539872773,11499,3600
681679526984871937,1590,392
681654059175129088,2358,805
681610798867845120,1692,410
681579835668455424,3172,1157
681523177663676416,12872,5099
681340665377193984,1475,246
681339448655802368,8369,3630
681320187870711809,2353,657
681302363064414209,3511,1595
681297372102656000,2900,837
681281657291280384,2898,976
681261549936340994,1294,233
681242418453299201,1320,462
681231109724700672,2180,430
681193455364796417,3320,1304
680970795137544192,2163,573
680959110691590145,4133,1781
680940246314430465,2852,916
680934982542561280,1868,385
680913438424612864,2153,551
680889648562991104,1564,315
680836378243002368,3110,1160
680805554198020098,1917,594
680801747103793152,2132,727
680798457301471234,2542,924
680609293079592961,2346,616
680583894916304897,3228,1168
680497766108381184,3787,1699
680494726643068929,1539,428
680473011644985345,2295,655
680440374763077632,1293,425
680221482581123072,1320,254
680206703334408192,2524,1015
680191257256136705,1935,435
680176173301628928,3467,1362
680161097740095489,2093,650
680145970311643136,3229,1527
680130881361686529,2058,837
680115823365742593,2443,812
680100725817409536,3219,1219
680085611152338944,11497,7991
680070545539371008,2327,760
679877062409191424,1735,568
679872969355714560,1962,584
679862121895714818,2190,539
679854723806179328,2549,1077
679844490799091713,2132,676
679828447187857408,32342,12306
679777920601223168,2788,973
679736210798047232,1867,704
679729593985699840,1950,731
679722016581222400,1496,420
679530280114372609,4272,1843
679527802031484928,2363,642
679511351870550016,2995,1116
679503373272485890,2836,1310
679475951516934144,1870,565
679462823135686656,28733,16708
679405845277462528,2110,1046
679158373988876288,18976,7091
679148763231985668,2489,897
679132435750195208,2625,1013
679111216690831360,5298,2257
679062614270468097,15126,7066
679047485189439488,2018,581
679001094530465792,2539,1072
678991772295516161,2019,994
678969228704284672,1462,404
678800283649069056,2298,800
678798276842360832,3098,1006
678774928607469569,2507,800
678767140346941444,3146,1199
678764513869611008,1452,411
678755239630127104,6363,2876
678740035362037760,3317,1463
678708137298427904,5003,2137
678675843183484930,2538,1290
678643457146150913,1825,352
678446151570427904,3582,1344
678424312106393600,4884,2217
678410210315247616,3738,1579
678399652199309312,71761,28020
678396796259975168,1420,364
678389028614488064,1670,370
678380236862578688,2182,802
678341075375947776,1536,467
678334497360859136,1155,220
678278586130948096,10183,5390
678255464182861824,1418,320
678023323247357953,1697,336
678021115718029313,12058,5504
677961670166224897,3071,1495
677918531514703872,1187,352
677895101218201600,4285,1797
677716515794329600,2715,851
677700003327029250,3036,1258
677698403548192770,1086,280
677687604918272002,2206,733
677673981332312066,2960,1316
677662372920729601,1734,827
677644091929329666,1660,714
677573743309385728,1900,586
677565715327688705,1157,403
677557565589463040,2169,989
677547928504967168,6169,3217
677530072887205888,940,196
677335745548390400,2682,1517
677334615166730240,1197,246
677331501395156992,963,202
677328882937298944,3253,1312
677314812125323265,1460,458
677301033169788928,1084,350
677269281705472000,1760,625
677228873407442944,3143,1425
677187300187611136,2431,794
676975532580409345,2466,928
676957860086095872,1978,709
676949632774234114,1155,344
676948236477857792,1910,756
676946864479084545,1533,320
676942428000112642,1829,658
676936541936185344,11316,4338
676916996760600576,2633,1585
676897532954456065,1992,628
676864501615042560,1837,613
676821958043033607,20193,13490
676819651066732545,1614,589
676811746707918848,1276,368
676776431406465024,4433,1770
676617503762681856,2562,837
676613908052996102,959,170
676606785097199616,1679,383
676603393314578432,1021,332
676593408224403456,4033,1841
676590572941893632,815,105
676588346097852417,2034,680
676582956622721024,1048,247
676575501977128964,2276,974
676533798876651520,1661,482
676496375194980353,1335,457
676470639084101634,10331,4092
676440007570247681,1532,577
676430933382295552,1231,298
676263575653122048,1838,472
676237365392908289,1057,240
676219687039057920,69059,27189
676215927814406144,1525,506
676191832485810177,2000,895
676146341966438401,1716,573
676121918416756736,1908,1006
676101918813499392,2529,1033
676098748976615425,2618,1225
676089483918516224,1153,381
675898130735476737,1406,494
675891555769696257,1873,744
675888385639251968,2070,819
675878199931371520,3679,1217
675870721063669760,1429,487
675853064436391936,2370,1113
675849018447167488,840,122
675845657354215424,1993,762
675822767435051008,1348,467
675820929667219457,933,200
675798442703122432,9099,2992
675781562965868544,1422,412
675740360753160193,1034,289
675710890956750848,1641,706
675707330206547968,1746,587
675706639471788032,564,82
675534494439489536,1621,349
675531475945709568,1041,320
675522403582218240,911,245
675517828909424640,1116,399
675501075957489664,15125,5108
675497103322386432,2747,1108
675489971617296384,1120,524
675483430902214656,1615,832
675432746517426176,1335,494
675372240448454658,1494,445
675362609739206656,917,189
675354435921575936,28952,14647
675349384339542016,3446,1958
675334060156301312,2422,1109
675166823650848770,3097,1351
675153376133427200,5467,2217
675149409102012420,3272,1471
675147105808306176,829,193
675146535592706048,1037,248
675145476954566656,1871,763
675135153782571009,1136,402
675113801096802304,1694,675
675111688094527488,846,208
675109292475830276,2454,980
675047298674663426,909,268
675015141583413248,2356,1011
675006312288268288,853,194
675003128568291329,1355,397
674999807681908736,1939,936
674805413498527744,735,304
674800520222154752,2629,734
674793399141146624,2161,930
674790488185167872,962,213
674788554665512960,704,180
674781762103414784,1752,1014
674774481756377088,960,398
674767892831932416,1590,681
674764817387900928,682,198
674754018082705410,1200,375
674752233200820224,1273,389
674743008475090944,1230,454
674742531037511680,420,42
674739953134403584,947,321
674737130913071104,564,79
674690135443775488,1003,404
674670581682434048,1413,555
674664755118911488,795,200
674646392044941312,1233,419
674644256330530816,903,235
674638615994089473,1483,499
674632714662858753,1315,491
674606911342424069,827,85
674468880899788800,5458,1755
674447403907457024,931,305
674436901579923456,962,336
674422304705744896,1250,452
674416750885273600,588,113
674410619106390016,1041,386
674394782723014656,1303,479
674372068062928900,740,274
674330906434379776,483,64
674318007229923329,1219,440
674307341513269249,9907,5928
674291837063053312,12844,5042
674271431610523648,1359,629
674269164442398721,800,199
674265582246694913,1429,720
674262580978937856,1149,371
674255168825880576,1270,457
674082852460433408,657,141
674075285688614912,862,243
674063288070742018,5569,1879
674053186244734976,2874,1099
674051556661161984,1261,421
674045139690631169,1238,549
674042553264685056,620,107
674038233588723717,949,359
674036086168010753,739,180
674024893172875264,1549,1057
674019345211760640,988,257
674014384960745472,1355,545
674008982932058114,1062,294
673956914389192708,1705,819
673919437611909120,1034,314
673906403526995968,2774,1399
673887867907739649,820,218
673716320723169284,2703,660
673715861853720576,3084,1777
673711475735838725,918,260
673709992831262724,732,229
673708611235921920,934,250
673707060090052608,965,336
673705679337693185,1099,349
673700254269775872,1255,487
673697980713705472,3420,1662
673689733134946305,1500,557
673688752737402881,1096,426
673686845050527744,1249,365
673680198160809984,1197,400
673662677122719744,1100,318
673656262056419329,628,192
673636718965334016,968,303
673612854080196609,1391,617
673583129559498752,1037,305
673580926094458881,716,230
673576835670777856,1203,477
673363615379013632,911,263
673359818736984064,1257,579
673355879178194945,1302,486
673352124999274496,1461,468
673350198937153538,664,181
673345638550134785,2173,1082
673343217010679808,836,231
673342308415348736,1106,482
673320132811366400,11676,6738
673317986296586240,757,213
673295268553605120,6565,2685
673270968295534593,923,307
673240798075449344,1237,604
673213039743795200,1917,710
673148804208660480,1448,533
672997845381865473,1704,618
672995267319328768,821,245
672988786805112832,852,252
672984142909456390,1088,460
672980819271634944,1587,873
672975131468300288,1451,764
672970152493887488,810,297
672968025906282496,1141,455
672964561327235073,1229,542
672902681409806336,1184,415
672898206762672129,767,350
672884426393653248,1337,718
672877615439593473,886,295
672834301050937345,1127,492
672828477930868736,1085,408
672640509974827008,848,267
672622327801233409,1127,412
672614745925664768,1065,507
672609152938721280,938,333
672604026190569472,942,332
672594978741354496,1140,519
672591762242805761,822,277
672591271085670400,628,153
672538107540070400,882,310
672523490734551040,538,142
672488522314567680,969,361
672482722825261057,964,513
672481316919734272,625,109
672475084225949696,1262,601
672466075045466113,1164,436
672272411274932228,5599,2874
672267570918129665,1280,524
672264251789176834,993,280
672256522047614977,2452,1302
672254177670729728,1246,638
672248013293752320,1492,510
672245253877968896,591,128
672239279297454080,797,270
672231046314901505,1584,868
672222792075620352,690,170
672205392827572224,1926,988
672169685991993344,891,314
672160042234327040,752,299
672139350159835138,1510,585
672125275208069120,2073,961
672095186491711488,856,323
672082170312290304,820,315
672068090318987265,1112,437
671896809300709376,7417,3612
671891728106971137,1149,471
671882082306625538,3024,1182
671879137494245376,1220,561
671874878652489728,1083,471
671866342182637568,979,410
671855973984772097,781,362
671789708968640512,6159,2946
671768281401958400,1023,421
671763349865160704,1460,760
671744970634719232,1174,642
671743150407421952,658,196
671735591348891648,1261,644
671729906628341761,7310,3729
671561002136281088,11106,6182
671550332464455680,797,182
671547767500775424,1186,489
671544874165002241,1701,877
671542985629241344,942,474
671538301157904385,821,333
671536543010570240,1013,338
671533943490011136,885,489
671528761649688577,717,210
671520732782923777,1197,441
671518598289059840,820,246
671511350426865664,1389,596
671504605491109889,6085,3063
671497587707535361,798,375
671488513339211776,863,406
671486386088865792,499,168
671485057807351808,656,190
671390180817915904,1259,641
671362598324076544,955,254
671357843010908160,345,132
671355857343524864,406,102
671347597085433856,813,361
671186162933985280,618,173
671182547775299584,954,278
671166507850801152,760,299
671163268581498880,1423,950
671159727754231808,310,67
671154572044468225,608,184
671151324042559489,568,127
671147085991960577,568,189
671141549288370177,999,562
671138694582165504,799,333
671134062904504320,635,157
671122204919246848,3012,2152
671115716440031232,1187,661
671109016219725825,979,373
670995969505435648,944,235
670842764863651840,21405,7419
670840546554966016,513,165
670838202509447168,956,588
670833812859932673,373,108
670832455012716544,627,180
670826280409919488,4746,3438
670823764196741120,658,157
670822709593571328,535,82
670815497391357952,2711,1285
670811965569282048,959,226
670807719151067136,1031,422
670804601705242624,1692,805
670803562457407488,297,75
670797304698376195,645,199
670792680469889025,719,234
670789397210615808,569,209
670786190031921152,516,165
670783437142401025,710,324
670782429121134593,1313,644
670780561024270336,687,247
670778058496974848,291,62
670764103623966721,938,365
670755717859713024,387,86
670733412878163972,832,440
670727704916926465,719,311
670717338665226240,1024,408
670704688707301377,678,311
670691627984359425,506,207
670679630144274432,647,235
670676092097810432,211,35
670668383499735048,9214,4224
670474236058800128,1310,627
670468609693655041,308,77
670465786746662913,842,457
670452855871037440,479,173
670449342516494336,1056,560
670444955656130560,5906,1714
670442337873600512,569,173
670435821946826752,914,427
670434127938719744,1239,551
670433248821026816,289,98
670428280563085312,1194,509
670427002554466305,451,140
670421925039075328,1109,538
670420569653809152,528,262
670417414769758208,489,280
670411370698022913,1753,754
670408998013820928,475,182
670403879788544000,369,125
670385711116361728,481,169
670374371102445568,655,229
670361874861563904,284,54
670338931251150849,366,96
670319130621435904,3374,1050
670303360680108032,377,104
670290420111441920,615,245
670093938074779648,892,274
670086499208155136,603,212
670079681849372674,1913,1039
670073503555706880,1361,674
670069087419133954,529,204
670061506722140161,649,280
670055038660800512,582,277
670046952931721218,560,147
670040295598354432,642,95
670037189829525505,514,235
670003130994700288,285,76
669993076832759809,277,66
669972011175813120,385,130
669970042633789440,262,43
669942763794931712,434,129
669926384437997569,328,80
669923323644657664,198,50
669753178989142016,690,333
669749430875258880,223,55
669684865554620416,439,74
669683899023405056,332,91
669682095984410625,306,111
669680153564442624,572,240
669661792646373376,702,357
669625907762618368,3049,1542
669603084620980224,831,316
669597912108789760,440,128
669583744538451968,1297,785
669573570759163904,379,119
669571471778410496,1379,861
669567591774625800,199,45
669564461267722241,328,100
669393256313184256,305,61
669375718304980992,1152,619
669371483794317312,425,146
669367896104181761,398,127
669363888236994561,546,198
669359674819481600,322,101
669354382627049472,2331,1074
669353438988365824,556,222
669351434509529089,371,150
669328503091937280,885,355
669327207240699904,486,99
669324657376567296,430,180
669216679721873412,1029,344
669214165781868544,375,134
669203728096960512,868,399
669037058363662336,561,259
669015743032369152,635,320
669006782128353280,501,205
669000397445533696,18136,5415
668994913074286592,383,186
668992363537309700,639,288
668989615043424256,584,285
668988183816871936,781,388
668986018524233728,466,135
668981893510119424,467,253
668979806671884288,688,285
668975677807423489,1128,492
668967877119254528,124,18
668960084974809088,601,207
668955713004314625,234,63
668932921458302977,224,50
668902994700836864,271,85
668892474547511297,342,122
668872652652679168,464,259
668852170888998912,399,139
668826086256599040,374,111
668815180734689280,477,218
668779399630725120,618,319
668655139528511488,460,184
668645506898350081,751,449
668643542311546881,762,439
668641109086707712,924,458
668636665813057536,895,427
668633411083464705,2418,1364
668631377374486528,604,274
668627278264475648,272,95
668625577880875008,322,109
668623201287675904,1229,646
668620235289837568,180,35
668614819948453888,534,265
668587383441514497,1445,911
668567822092664832,203,46
668544745690562560,439,194
668542336805281792,388,179
668537837512433665,220,61
668528771708952576,395,187
668507509523615744,269,86
668496999348633600,350,113
668484198282485761,358,203
668480044826800133,382,125
668466899341221888,750,433
668297328638447616,541,253
668291999406125056,208,26
668286279830867968,427,110
668274247790391296,701,193
668268907921326080,474,204
668256321989451776,1127,506
668248472370458624,815,400
668237644992782336,5319,2368
668226093875376128,241,84
668221241640230912,442,169
668204964695683073,477,169
668190681446379520,561,169
668171859951755264,414,159
668154635664932864,428,265
668142349051129856,498,233
668113020489474048,564,206
667937095915278337,1092,675
667924896115245057,261,95
667915453470232577,181,46
667911425562669056,421,238
667902449697558528,738,323
667886921285246976,1617,897
667885044254572545,714,388
667878741721415682,341,100
667873844930215936,538,331
667866724293877760,2644,878
667861340749471744,217,68
667832474953625600,246,53
667806454573760512,910,411
667801013445750784,276,80
667793409583771648,591,277
667782464991965184,355,208
667773195014021121,199,44
667766675769573376,367,184
667728196545200128,319,125
667724302356258817,418,261
667550904950915073,0,28
667550882905632768,0,25
667549055577362432,4969,1893
667546741521195010,300,104
667544320556335104,745,449
667538891197542400,171,57
667534815156183040,703,439
667530908589760512,402,205
667524857454854144,1468,950
667517642048163840,326,163
667509364010450944,5867,1831
667502640335572993,473,192
667495797102141441,442,227
667491009379606528,447,186
667470559035432960,221,85
667455448082227200,167,53
667453023279554560,277,69
667443425659232256,669,480
667437278097252352,388,198
667435689202614272,264,75
667405339315146752,401,192
667393430834667520,164,50
667369227918143488,323,141
667211855547486208,418,209
667200525029539841,533,224
667192066997374976,322,84
667188689915760640,632,327
667182792070062081,12209,5158
667177989038297088,158,47
667176164155375616,513,375
667174963120574464,216,69
667171260800061440,184,72
667165590075940865,2323,947
667160273090932737,213,50
667152164079423490,41566,14367
667138269671505920,3922,1831
667119796878725120,280,102
667090893657276420,279,104
667073648344346624,342,101
667070482143944705,71,12
667065535570550784,139,39
667062181243039745,190,46
667044094246576128,158,43
667012601033924608,385,183
666996132027977728,208,77
666983947667116034,2187,834
666837028449972224,686,462
666835007768551424,179,63
666826780179869698,215,77
666817836334096384,431,207
666804364988780544,204,79
666786068205871104,646,402
666781792255496192,319,167
666776908487630848,297,146
666739327293083650,203,59
666701168228331520,367,180
666691418707132416,158,41
666649482315059201,975,516
666644823164719104,203,66
666454714377183233,438,175
666447344410484738,87,18
666437273139982337,106,40
666435652385423360,132,41
666430724426358785,269,158
666428276349472768,135,64
666421158376562688,266,90
666418789513326592,101,39
666411507551481857,363,257
666407126856765440,92,30
666396247373291520,146,66
666373753744588802,158,72
666362758909284353,640,463
666353288456101888,170,56
666345417576210432,231,120
666337882303524864,163,78
666293911632134144,417,288
666287406224695296,119,55
666273097616637952,148,66
666268910803644416,97,38
666104133288665088,12524,5364
666102155909144576,63,11
666099513787052032,132,53
666094000022159362,139,63
666082916733198337,90,37
666073100786774016,272,129
666071193221509120,125,49
666063827256086533,389,178
666058600524156928,98,46
666057090499244032,245,111
666055525042405380,360,193
666051853826850816,1009,686
666050758794694657,111,49
666049248165822465,85,35
666044226329800704,243,113
666033412701032449,98,35
666029285002620928,111,39
666020888022790149,2226,417
